alpha 1
beta 1
c n 1 1
c n 10 1
c n 17 1
c n 3 -1 4 6
c n 3 -1 7 9
c n 21 -1 290 310
a 63 64 0 1 10
a 19 18 0 11 110 Region_16 3
a 4 12 0 1 10
a 63 55 0 1 10
a 62 63 0 11 110 Region_24 2
a 61 53 0 1 10
a 45 53 0 7 70 Region_14 2
a 54 46 0 7 70 Region_14 2
a 21 22 0 1 10
a 25 33 0 7 70 Region_8 3
a 35 34 0 11 110 Region_19 3
a 42 43 0 11 110 Region_19 3
a 59 60 0 1 10
a 13 14 0 1 10
a 32 31 0 1 10
a 50 58 0 1 10
a 41 49 0 7 70 Region_12 2
a 53 54 0 1 10
a 46 45 0 1 10
a 21 20 0 11 110 Region_17 3
a 61 62 0 1 10
a 20 28 0 1 10
a 56 48 0 7 70 Region_15 2
a 54 62 0 1 10
a 4 3 0 1 10
a 10 11 0 11 110 Region_1 5
a 47 55 0 7 70 Region_15 2
a 48 47 0 1 10
a 11 12 0 1 10
a 5 4 0 11 110 Region_2 2
a 37 36 0 11 110 Region_20 4
a 32 24 0 1 10
a 60 61 0 11 110 Region_23 5
a 26 25 0 1 10
a 15 23 0 7 70 Region_7 4
a 7 6 0 11 110 Region_3 2
a 28 27 0 1 10
a 52 60 0 1 10
a 45 37 0 1 10
a 34 42 0 1 10
a 1 9 0 1 10
a 22 14 0 7 70 Region_6 5
a 58 59 0 11 110 Region_22 3
a 51 50 0 11 110 Region_22 3
a 49 50 0 1 10
a 36 44 0 1 10
a 33 41 0 1 10
a 14 15 0 11 110 Region_3 2
a 13 21 0 7 70 Region_6 5
a 37 38 0 1 10
a 64 56 0 1 10
a 55 56 0 1 10
a 16 8 0 1 10
a 6 14 0 1 10
a 12 13 0 11 110 Region_2 2
a 51 52 0 1 10
a 33 34 0 1 10
a 26 27 0 11 110 Region_16 3
a 38 46 0 1 10
a 9 17 0 7 70 Region_4 4
a 48 40 0 1 10
a 57 58 0 1 10
a 47 39 0 1 10
a 7 15 0 1 10
a 39 38 0 11 110 Region_21 3
a 15 16 0 1 10
a 55 54 0 11 110 Region_24 2
a 27 19 0 1 10
a 29 21 0 1 10
a 3 2 0 11 110 Region_1 5
a 31 23 0 1 10
a 11 19 0 7 70 Region_5 2
a 46 47 0 11 110 Region_21 3
a 6 5 0 1 10
a 43 44 0 1 10
a 17 18 0 1 10
a 24 16 0 7 70 Region_7 4
a 42 41 0 1 10
a 8 7 0 1 10
a 53 52 0 11 110 Region_23 5
a 19 20 0 1 10
a 20 12 0 7 70 Region_5 2
a 28 29 0 11 110 Region_17 3
a 34 26 0 7 70 Region_8 3
a 13 5 0 1 10
a 17 25 0 1 10
a 18 26 0 1 10
a 18 10 0 7 70 Region_4 4
a 10 2 0 1 10
a 44 45 0 11 110 Region_20 4
a 39 40 0 1 10
a 52 44 0 7 70 Region_13 2
a 59 51 0 1 10
a 30 29 0 1 10
a 43 51 0 7 70 Region_13 2
a 50 42 0 7 70 Region_12 2
a 11 3 0 1 10
a 9 10 0 1 10
a 23 24 0 1 10
a 35 36 0 1 10
a 49 57 0 1 10
a 2 1 0 1 10
a 36 28 0 7 70 Region_9 10
a 27 35 0 7 70 Region_9 10
a 38 30 0 7 70 Region_10 7
a 29 37 0 7 70 Region_10 7
a 40 32 0 7 70 Region_11 12
a 31 39 0 7 70 Region_11 12
a 23 22 0 11 110 Region_18 10
a 30 31 0 11 110 Region_18 10
a 44 43 0 1 10
a 22 30 0 1 10
