1 14 0 1 3
1 15 0 1 3
1 24 0 1 5
1 9 0 1 2
10 19 0 1 2
10 24 0 1 3
10 18 0 1 2
14 23 0 1 2
14 28 0 1 3
14 22 0 1 2
15 23 0 1 2
24 32 0 1 2
9 22 0 1 3
9 23 0 1 3
9 32 0 1 5
9 17 0 1 2
19 27 0 1 2
18 27 0 1 2
18 32 0 1 3
18 26 0 1 2
23 31 0 1 2
28 36 0 1 2
22 31 0 1 2
22 36 0 1 3
22 30 0 1 2
32 40 0 1 2
17 30 0 1 3
17 31 0 1 3
17 40 0 1 5
17 25 0 1 2
27 35 0 1 2
26 35 0 1 2
26 40 0 1 3
26 34 0 1 2
31 39 0 1 2
36 44 0 1 2
30 39 0 1 2
30 44 0 1 3
30 38 0 1 2
25 38 0 1 3
25 39 0 1 3
25 33 0 1 2
35 43 0 1 2
34 43 0 1 2
34 42 0 1 2
33 41 0 1 2
