a 2 1 0 1 10
a 3 2 0 1 10 1 TL
a 4 3 0 1 10
a 5 4 0 1 10
a 6 5 0 1 10
a 7 6 0 1 10
a 8 7 0 1 10
a 9 8 0 1 10
a 10 9 0 1 10
a 11 10 0 1 10
a 12 11 0 1 10
a 13 12 0 1 10
a 14 13 0 1 10
a 15 14 0 1 10 2 TL
a 16 15 0 1 10
a 17 16 0 1 10
a 18 17 0 1 10
a 19 18 0 1 10
a 20 19 0 1 10
a 21 20 0 1 10
a 22 21 0 1 10
a 23 22 0 1 10
a 24 23 0 1 10
a 25 24 0 1 10
a 26 25 0 1 10
a 27 26 0 1 10 3 TL
a 28 27 0 1 10
a 29 28 0 1 10
a 30 29 0 1 10
a 31 30 0 1 10
a 32 31 0 1 10
a 33 32 0 1 10
a 34 33 0 1 10
a 35 34 0 1 10
a 36 35 0 1 10
a 37 36 0 1 10
a 38 37 0 1 10
a 39 40 0 1 10
a 40 41 0 1 10
a 41 42 0 1 10
a 42 43 0 1 10
a 43 44 0 1 10
a 44 45 0 1 10
a 45 46 0 1 10
a 46 47 0 1 10
a 47 48 0 1 10
a 48 49 0 1 10
a 49 50 0 1 10
a 50 51 0 1 10 1 BR
a 51 52 0 1 10
a 52 53 0 1 10
a 53 54 0 1 10
a 54 55 0 1 10
a 55 56 0 1 10
a 56 57 0 1 10
a 57 58 0 1 10
a 58 59 0 1 10
a 59 60 0 1 10
a 60 61 0 1 10
a 61 62 0 1 10
a 62 63 0 1 10 2 BR
a 63 64 0 1 10
a 64 65 0 1 10
a 65 66 0 1 10
a 66 67 0 1 10
a 67 68 0 1 10
a 68 69 0 1 10
a 69 70 0 1 10
a 70 71 0 1 10
a 71 72 0 1 10
a 72 73 0 1 10
a 73 74 0 1 10
a 74 75 0 1 10 3 BR
a 75 76 0 1 10
a 77 78 0 1 10 4 TL
a 86 85 0 1 10
a 93 94 0 1 10
a 102 101 0 1 10
a 109 110 0 1 10
a 118 117 0 1 10 4 BR
a 125 126 0 1 10
a 164 163 0 1 10
a 77 85 0 1 10
a 85 93 0 1 10
a 93 101 0 1 10
a 101 109 0 1 10
a 109 117 0 1 10
a 117 125 0 1 10
a 125 163 0 1 10
a 163 201 0 1 10
a 201 209 0 1 10
a 126 164 0 1 10
a 86 78 0 1 10
a 94 86 0 1 10
a 102 94 0 1 10
a 110 102 0 1 10
a 118 110 0 1 10
a 126 118 0 1 10
a 51 79 0 1 10
a 79 87 0 1 10
a 87 95 0 1 10
a 95 103 0 1 10
a 103 111 0 1 10
a 111 119 0 1 10
a 119 137 0 1 10
a 137 138 0 1 10
a 80 52 0 1 10
a 88 80 0 1 10
a 96 88 0 1 10
a 104 96 0 1 10
a 112 104 0 1 10
a 120 112 0 1 10
a 138 120 0 1 10
a 138 176 0 1 10
a 1 39 0 1 10
a 2 40 0 1 10
a 41 3 0 1 10
a 4 42 0 1 10
a 43 5 0 1 10
a 6 44 0 1 10
a 45 7 0 1 10
a 8 46 0 1 10
a 47 9 0 1 10
a 10 48 0 1 10
a 49 11 0 1 10
a 12 50 0 1 10
a 51 13 0 1 10
a 14 52 0 1 10
a 53 15 0 1 10
a 16 54 0 1 10
a 55 17 0 1 10
a 18 56 0 1 10
a 57 19 0 1 10
a 20 58 0 1 10
a 59 21 0 1 10
a 22 60 0 1 10
a 61 23 0 1 10
a 24 62 0 1 10
a 63 25 0 1 10
a 26 64 0 1 10
a 65 27 0 1 10
a 28 66 0 1 10
a 67 29 0 1 10
a 30 68 0 1 10
a 69 31 0 1 10
a 32 70 0 1 10
a 71 33 0 1 10
a 34 72 0 1 10
a 73 35 0 1 10
a 36 74 0 1 10
a 75 37 0 1 10
a 38 76 0 1 10
a 79 80 0 1 10 5 TL
a 88 87 0 1 10
a 95 96 0 1 10
a 104 103 0 1 10
a 111 112 0 1 10
a 120 119 0 1 10 5 BR
a 137 138 0 1 10
a 81 82 0 1 10 6 TL
a 90 89 0 1 10
a 97 98 0 1 10
a 106 105 0 1 10
a 113 114 0 1 10
a 122 121 0 1 10 6 BR
a 149 150 0 1 10
a 83 84 0 1 10 7 TL
a 92 91 0 1 10
a 99 100 0 1 10
a 108 107 0 1 10
a 115 116 0 1 10
a 124 123 0 1 10
a 161 162 0 1 10
a 162 124 0 1 10 7 BR
a 63 81 0 1 10
a 81 89 0 1 10
a 89 97 0 1 10
a 97 105 0 1 10
a 105 113 0 1 10
a 113 121 0 1 10
a 121 149 0 1 10
a 82 64 0 1 10
a 90 82 0 1 10
a 98 90 0 1 10
a 106 98 0 1 10
a 114 106 0 1 10
a 122 114 0 1 10
a 150 122 0 1 10
a 75 83 0 1 10
a 83 91 0 1 10
a 91 99 0 1 10
a 99 107 0 1 10
a 107 115 0 1 10
a 115 123 0 1 10
a 123 161 0 1 10
a 199 161 0 1 10
a 76 38 0 1 10
a 84 76 0 1 10
a 92 84 0 1 10
a 100 92 0 1 10
a 108 100 0 1 10
a 116 108 0 1 10
a 124 116 0 1 10
a 162 124 0 1 10
a 200 162 0 1 10
a 201 202 0 1 10 8 TL
a 210 209 0 1 10
a 217 218 0 1 10
a 226 225 0 1 10
a 233 234 0 1 10
a 242 241 0 1 10
a 249 250 0 1 10
a 288 287 0 1 10
a 202 164 0 1 10
a 210 202 0 1 10
a 218 210 0 1 10
a 226 218 0 1 10
a 234 226 0 1 10
a 242 234 0 1 10 8 BR
a 250 242 0 1 10
a 201 209 0 1 10
a 209 217 0 1 10
a 217 225 0 1 10
a 225 233 0 1 10
a 233 241 0 1 10
a 241 249 0 1 10
a 249 287 0 1 10
a 203 204 0 1 10 9 TL
a 212 211 0 1 10
a 219 220 0 1 10
a 228 227 0 1 10
a 235 236 0 1 10
a 244 243 0 1 10
a 261 262 0 1 10
a 300 299 0 1 10
a 204 176 0 1 10
a 212 204 0 1 10
a 220 212 0 1 10
a 228 220 0 1 10
a 236 228 0 1 10
a 244 236 0 1 10 9 BR
a 262 244 0 1 10
a 203 211 0 1 10
a 211 219 0 1 10
a 219 227 0 1 10
a 227 235 0 1 10
a 235 243 0 1 10
a 243 261 0 1 10
a 261 299 0 1 10
a 205 206 0 1 10 10 TL
a 214 213 0 1 10
a 221 222 0 1 10
a 230 229 0 1 10
a 237 238 0 1 10
a 246 245 0 1 10
a 273 274 0 1 10
a 312 311 0 1 10
a 206 188 0 1 10
a 214 206 0 1 10
a 222 214 0 1 10
a 230 222 0 1 10
a 238 230 0 1 10
a 246 238 0 1 10 10 BR
a 274 246 0 1 10
a 205 213 0 1 10
a 213 221 0 1 10
a 221 229 0 1 10
a 229 237 0 1 10
a 237 245 0 1 10
a 245 273 0 1 10
a 311 273 0 1 10
a 207 208 0 1 10 11 TL
a 216 215 0 1 10
a 223 224 0 1 10
a 232 231 0 1 10
a 239 240 0 1 10
a 248 247 0 1 10
a 285 286 0 1 10
a 324 323 0 1 10
a 208 200 0 1 10
a 216 208 0 1 10
a 224 216 0 1 10
a 232 224 0 1 10
a 240 232 0 1 10
a 248 240 0 1 10 11 BR
a 286 248 0 1 10
a 207 215 0 1 10
a 215 223 0 1 10
a 223 231 0 1 10
a 231 239 0 1 10
a 239 247 0 1 10
a 247 285 0 1 10
a 323 285 0 1 10
a 325 326 0 1 10 12 TL
a 334 333 0 1 10
a 341 342 0 1 10
a 350 349 0 1 10
a 357 358 0 1 10
a 366 365 0 1 10
a 373 374 0 1 10
a 326 288 0 1 10
a 334 326 0 1 10
a 342 334 0 1 10
a 350 342 0 1 10
a 358 350 0 1 10
a 366 358 0 1 10 12 BR
a 374 366 0 1 10
a 325 333 0 1 10
a 333 341 0 1 10
a 341 349 0 1 10
a 349 357 0 1 10
a 357 365 0 1 10
a 365 373 0 1 10
a 373 411 0 1 10
a 327 328 0 1 10 13 TL
a 336 335 0 1 10
a 343 344 0 1 10
a 352 351 0 1 10
a 359 360 0 1 10
a 368 367 0 1 10
a 385 386 0 1 10
a 424 423 0 1 10
a 328 300 0 1 10
a 336 328 0 1 10
a 344 336 0 1 10
a 352 344 0 1 10
a 360 352 0 1 10
a 368 360 0 1 10 13 BR
a 386 368 0 1 10
a 327 335 0 1 10
a 335 343 0 1 10
a 343 351 0 1 10
a 351 359 0 1 10
a 359 367 0 1 10
a 367 385 0 1 10
a 329 330 0 1 10 14 TL
a 338 337 0 1 10
a 345 346 0 1 10
a 354 353 0 1 10
a 361 362 0 1 10
a 370 369 0 1 10
a 397 398 0 1 10
a 436 435 0 1 10
a 330 312 0 1 10
a 338 330 0 1 10
a 346 338 0 1 10
a 354 346 0 1 10
a 362 354 0 1 10
a 370 362 0 1 10 14 BR
a 398 370 0 1 10
a 329 337 0 1 10
a 337 345 0 1 10
a 345 353 0 1 10
a 353 361 0 1 10
a 361 369 0 1 10
a 369 397 0 1 10
a 331 332 0 1 10 15 TL
a 340 339 0 1 10
a 347 348 0 1 10
a 356 355 0 1 10
a 363 364 0 1 10
a 372 371 0 1 10
a 409 410 0 1 10
a 448 447 0 1 10
a 332 324 0 1 10
a 340 332 0 1 10
a 348 340 0 1 10
a 356 348 0 1 10
a 364 356 0 1 10
a 372 364 0 1 10 15 BR
a 410 372 0 1 10
a 331 339 0 1 10
a 339 347 0 1 10
a 347 355 0 1 10
a 355 363 0 1 10
a 363 371 0 1 10
a 371 409 0 1 10
a 125 126 0 1 10
a 127 126 0 1 10 16 TL
a 128 127 0 1 10
a 129 128 0 1 10
a 130 129 0 1 10
a 131 130 0 1 10
a 132 131 0 1 10
a 133 132 0 1 10
a 134 133 0 1 10
a 135 134 0 1 10
a 136 135 0 1 10
a 137 136 0 1 10
a 137 138 0 1 10
a 139 138 0 1 10 17 TL
a 140 139 0 1 10
a 141 140 0 1 10
a 142 141 0 1 10
a 143 142 0 1 10
a 144 143 0 1 10
a 145 144 0 1 10
a 146 145 0 1 10
a 147 146 0 1 10
a 148 147 0 1 10
a 149 148 0 1 10
a 149 150 0 1 10
a 151 150 0 1 10 18 TL
a 152 151 0 1 10
a 153 152 0 1 10
a 154 153 0 1 10
a 155 154 0 1 10
a 156 155 0 1 10
a 157 156 0 1 10
a 158 157 0 1 10
a 159 158 0 1 10
a 160 159 0 1 10
a 161 160 0 1 10
a 162 161 0 1 10
a 164 163 0 1 10
a 164 165 0 1 10
a 165 166 0 1 10
a 166 167 0 1 10
a 167 168 0 1 10
a 168 169 0 1 10
a 169 170 0 1 10
a 170 171 0 1 10
a 171 172 0 1 10
a 172 173 0 1 10
a 173 174 0 1 10
a 174 175 0 1 10 16 BR
a 176 175 0 1 10
a 176 177 0 1 10
a 177 178 0 1 10
a 178 179 0 1 10
a 179 180 0 1 10
a 180 181 0 1 10
a 181 182 0 1 10
a 182 183 0 1 10
a 183 184 0 1 10
a 184 185 0 1 10
a 185 186 0 1 10
a 186 187 0 1 10 17 BR
a 188 187 0 1 10
a 188 189 0 1 10
a 189 190 0 1 10
a 190 191 0 1 10
a 191 192 0 1 10
a 192 193 0 1 10
a 193 194 0 1 10
a 194 195 0 1 10
a 195 196 0 1 10
a 196 197 0 1 10
a 197 198 0 1 10
a 198 199 0 1 10 18 BR
a 199 200 0 1 10
a 249 250 0 1 10
a 251 250 0 1 10 19 TL
a 252 251 0 1 10
a 253 252 0 1 10
a 254 253 0 1 10
a 255 254 0 1 10
a 256 255 0 1 10
a 257 256 0 1 10
a 258 257 0 1 10
a 259 258 0 1 10
a 260 259 0 1 10
a 261 260 0 1 10
a 261 262 0 1 10
a 263 262 0 1 10 20 TL
a 264 263 0 1 10
a 265 264 0 1 10
a 266 265 0 1 10
a 267 266 0 1 10
a 268 267 0 1 10
a 269 268 0 1 10
a 270 269 0 1 10
a 271 270 0 1 10
a 272 271 0 1 10
a 273 272 0 1 10
a 273 274 0 1 10
a 275 274 0 1 10 21 TL
a 276 275 0 1 10
a 277 276 0 1 10
a 278 277 0 1 10
a 279 278 0 1 10
a 280 279 0 1 10
a 281 280 0 1 10
a 282 281 0 1 10
a 283 282 0 1 10
a 284 283 0 1 10
a 285 284 0 1 10
a 286 285 0 1 10
a 288 289 0 1 10
a 289 290 0 1 10
a 290 291 0 1 10
a 291 292 0 1 10
a 292 293 0 1 10
a 293 294 0 1 10
a 294 295 0 1 10
a 295 296 0 1 10
a 296 297 0 1 10
a 297 298 0 1 10
a 298 299 0 1 10 19 BR
a 300 299 0 1 10
a 300 301 0 1 10
a 301 302 0 1 10
a 302 303 0 1 10
a 303 304 0 1 10
a 304 305 0 1 10
a 305 306 0 1 10
a 306 307 0 1 10
a 307 308 0 1 10
a 308 309 0 1 10
a 309 310 0 1 10
a 310 311 0 1 10 20 BR
a 312 311 0 1 10
a 312 313 0 1 10
a 313 314 0 1 10
a 314 315 0 1 10
a 315 316 0 1 10
a 316 317 0 1 10
a 317 318 0 1 10
a 318 319 0 1 10
a 319 320 0 1 10
a 320 321 0 1 10
a 321 322 0 1 10
a 322 323 0 1 10 21 BR
a 323 324 0 1 10
a 375 374 0 1 10 22 TL
a 376 375 0 1 10
a 377 376 0 1 10
a 378 377 0 1 10
a 379 378 0 1 10
a 380 379 0 1 10
a 381 380 0 1 10
a 382 381 0 1 10
a 383 382 0 1 10
a 384 383 0 1 10
a 385 384 0 1 10
a 385 386 0 1 10
a 387 386 0 1 10 23 TL
a 388 387 0 1 10
a 389 388 0 1 10
a 390 389 0 1 10
a 391 390 0 1 10
a 392 391 0 1 10
a 393 392 0 1 10
a 394 393 0 1 10
a 395 394 0 1 10
a 396 395 0 1 10
a 397 396 0 1 10
a 397 398 0 1 10
a 399 398 0 1 10 24 TL
a 400 399 0 1 10
a 401 400 0 1 10
a 402 401 0 1 10
a 403 402 0 1 10
a 404 403 0 1 10
a 405 404 0 1 10
a 406 405 0 1 10
a 407 406 0 1 10
a 408 407 0 1 10
a 409 408 0 1 10
a 410 409 0 1 10
a 412 413 0 1 10
a 413 414 0 1 10
a 414 415 0 1 10
a 415 416 0 1 10
a 416 417 0 1 10
a 417 418 0 1 10
a 418 419 0 1 10
a 419 420 0 1 10
a 420 421 0 1 10
a 421 422 0 1 10
a 422 423 0 1 10 22 BR
a 424 423 0 1 10
a 424 425 0 1 10
a 425 426 0 1 10
a 426 427 0 1 10
a 427 428 0 1 10
a 428 429 0 1 10
a 429 430 0 1 10
a 430 431 0 1 10
a 431 432 0 1 10
a 432 433 0 1 10
a 433 434 0 1 10
a 434 435 0 1 10 23 BR
a 436 435 0 1 10
a 436 437 0 1 10
a 437 438 0 1 10
a 438 439 0 1 10
a 439 440 0 1 10
a 440 441 0 1 10
a 441 442 0 1 10
a 442 443 0 1 10
a 443 444 0 1 10
a 444 445 0 1 10
a 445 446 0 1 10
a 446 447 0 1 10 24 BR
a 447 448 0 1 10
a 78 40 0 1 10
a 39 77 0 1 10
a 175 203 0 1 10
a 187 205 0 1 10
a 199 207 0 1 10
a 287 325 0 1 10
a 299 327 0 1 10
a 311 329 0 1 10
a 323 331 0 1 10
a 175 137 0 1 10
a 177 139 0 1 10
a 200 199 0 1 10
a 187 149 0 1 10
a 150 188 0 1 10
a 299 261 0 1 10
a 274 312 0 1 10
a 413 375 0 1 10
a 374 412 0 1 10
a 373 411 0 1 10
a 413 375 0 1 10
a 376 414 0 1 10
a 415 377 0 1 10
a 378 416 0 1 10
a 417 379 0 1 10
a 380 418 0 1 10
a 419 381 0 1 10
a 382 420 0 1 10
a 421 383 0 1 10
a 384 422 0 1 10
a 423 385 0 1 10
a 386 424 0 1 10
a 425 387 0 1 10
a 388 426 0 1 10
a 427 389 0 1 10
a 390 428 0 1 10
a 429 391 0 1 10
a 392 430 0 1 10
a 431 393 0 1 10
a 394 432 0 1 10
a 433 395 0 1 10
a 396 434 0 1 10
a 435 397 0 1 10
a 398 436 0 1 10
a 437 399 0 1 10
a 400 438 0 1 10
a 439 401 0 1 10
a 402 440 0 1 10
a 441 403 0 1 10
a 404 442 0 1 10
a 443 405 0 1 10
a 406 444 0 1 10
a 445 407 0 1 10
a 408 446 0 1 10
a 447 409 0 1 10
a 448 410 0 1 10
a 411 412 0 1 10
a 423 424 0 1 10
a 435 436 0 1 10
a 324 286 0 1 10
a 165 127 0 1 10
a 128 166 0 1 10
a 167 129 0 1 10
a 130 168 0 1 10
a 169 131 0 1 10
a 132 170 0 1 10
a 171 133 0 1 10
a 134 172 0 1 10
a 173 135 0 1 10
a 136 174 0 1 10
a 175 137 0 1 10
a 138 176 0 1 10
a 177 139 0 1 10
a 140 178 0 1 10
a 179 141 0 1 10
a 142 180 0 1 10
a 181 143 0 1 10
a 144 182 0 1 10
a 183 145 0 1 10
a 146 184 0 1 10
a 185 147 0 1 10
a 148 186 0 1 10
a 187 149 0 1 10
a 150 188 0 1 10
a 189 151 0 1 10
a 152 190 0 1 10
a 191 153 0 1 10
a 154 192 0 1 10
a 193 155 0 1 10
a 156 194 0 1 10
a 195 157 0 1 10
a 158 196 0 1 10
a 197 159 0 1 10
a 160 198 0 1 10
a 199 161 0 1 10
a 250 288 0 1 10
a 289 251 0 1 10
a 252 290 0 1 10
a 291 253 0 1 10
a 254 292 0 1 10
a 293 255 0 1 10
a 256 294 0 1 10
a 295 257 0 1 10
a 258 296 0 1 10
a 297 259 0 1 10
a 260 298 0 1 10
a 299 261 0 1 10
a 262 300 0 1 10
a 301 263 0 1 10
a 264 302 0 1 10
a 303 265 0 1 10
a 266 304 0 1 10
a 305 267 0 1 10
a 268 306 0 1 10
a 307 269 0 1 10
a 270 308 0 1 10
a 309 271 0 1 10
a 272 310 0 1 10
a 311 273 0 1 10
a 274 312 0 1 10
a 313 275 0 1 10
a 276 314 0 1 10
a 315 277 0 1 10
a 278 316 0 1 10
a 317 279 0 1 10
a 280 318 0 1 10
a 319 281 0 1 10
a 282 320 0 1 10
a 321 283 0 1 10
a 284 322 0 1 10
a 323 285 0 1 10
