a 2 1 0 1 10  
a 3 2 0 1 10 1 TL
a 4 3 0 1 10  
a 5 4 0 1 10  
a 6 5 0 1 10  
a 7 6 0 1 10  
a 8 7 0 1 10  
a 9 8 0 1 10  
a 10 9 0 1 10  
a 11 10 0 1 10  
a 12 11 0 1 10  
a 13 12 0 1 10  
a 14 13 0 1 10  
a 15 14 0 1 10 2 TL
a 16 15 0 1 10  
a 17 16 0 1 10  
a 18 17 0 1 10  
a 19 18 0 1 10  
a 20 19 0 1 10  
a 21 20 0 1 10  
a 22 21 0 1 10  
a 23 22 0 1 10  
a 24 23 0 1 10  
a 25 24 0 1 10  
a 26 25 0 1 10  
a 27 26 0 1 10 3 TL
a 28 27 0 1 10  
a 29 28 0 1 10  
a 30 29 0 1 10  
a 31 30 0 1 10  
a 32 31 0 1 10  
a 33 32 0 1 10  
a 34 33 0 1 10  
a 35 34 0 1 10  
a 36 35 0 1 10  
a 37 36 0 1 10  
a 38 37 0 1 10  
a 39 40 0 1 10  
a 40 41 0 1 10  
a 41 42 0 1 10  
a 42 43 0 1 10  
a 43 44 0 1 10  
a 44 45 0 1 10  
a 45 46 0 1 10  
a 46 47 0 1 10  
a 47 48 0 1 10  
a 48 49 0 1 10  
a 49 50 0 1 10  
a 50 51 0 1 10 1 BR
a 51 52 0 1 10  
a 52 53 0 1 10  
a 53 54 0 1 10  
a 54 55 0 1 10  
a 55 56 0 1 10  
a 56 57 0 1 10  
a 57 58 0 1 10  
a 58 59 0 1 10  
a 59 60 0 1 10  
a 60 61 0 1 10  
a 61 62 0 1 10  
a 62 63 0 1 10 2 BR
a 63 64 0 1 10  
a 64 65 0 1 10  
a 65 66 0 1 10  
a 66 67 0 1 10  
a 67 68 0 1 10  
a 68 69 0 1 10  
a 69 70 0 1 10  
a 70 71 0 1 10  
a 71 72 0 1 10  
a 72 73 0 1 10  
a 73 74 0 1 10  
a 74 75 0 1 10 3 BR
a 75 76 0 1 10  
a 77 78 0 1 10 4 TL
a 116 115 0 1 10  
a 153 154 0 1 10  
a 192 191 0 1 10  
a 229 230 0 1 10  
a 268 267 0 1 10 4 BR
a 305 306 0 1 10  
a 344 343 0 1 10  
a 77 115 0 1 10  
a 115 153 0 1 10  
a 153 191 0 1 10  
a 191 229 0 1 10  
a 229 267 0 1 10  
a 267 305 0 1 10  
a 305 343 0 1 10  
a 343 381 0 1 10  
a 381 419 0 1 10  
a 306 344 0 1 10  
a 116 78 0 1 10  
a 154 116 0 1 10  
a 192 154 0 1 10  
a 230 192 0 1 10  
a 268 230 0 1 10  
a 306 268 0 1 10  
a 51 89 0 1 10  
a 89 127 0 1 10  
a 127 165 0 1 10  
a 165 203 0 1 10  
a 203 241 0 1 10  
a 241 279 0 1 10  
a 279 317 0 1 10  
a 317 318 0 1 10  
a 90 52 0 1 10  
a 128 90 0 1 10  
a 166 128 0 1 10  
a 204 166 0 1 10  
a 242 204 0 1 10  
a 280 242 0 1 10  
a 318 280 0 1 10  
a 318 356 0 1 10  
a 1 39 0 1 10  
a 2 40 0 1 10  
a 41 3 0 1 10  
a 4 42 0 1 10  
a 43 5 0 1 10  
a 6 44 0 1 10  
a 45 7 0 1 10  
a 8 46 0 1 10  
a 47 9 0 1 10  
a 10 48 0 1 10  
a 49 11 0 1 10  
a 12 50 0 1 10  
a 51 13 0 1 10  
a 14 52 0 1 10  
a 53 15 0 1 10  
a 16 54 0 1 10  
a 55 17 0 1 10  
a 18 56 0 1 10  
a 57 19 0 1 10  
a 20 58 0 1 10  
a 59 21 0 1 10  
a 22 60 0 1 10  
a 61 23 0 1 10  
a 24 62 0 1 10  
a 63 25 0 1 10  
a 26 64 0 1 10  
a 65 27 0 1 10  
a 28 66 0 1 10  
a 67 29 0 1 10  
a 30 68 0 1 10  
a 69 31 0 1 10  
a 32 70 0 1 10  
a 71 33 0 1 10  
a 34 72 0 1 10  
a 73 35 0 1 10  
a 36 74 0 1 10  
a 75 37 0 1 10  
a 38 76 0 1 10  
a 89 90 0 1 10 5 TL
a 128 127 0 1 10  
a 165 166 0 1 10  
a 204 203 0 1 10  
a 241 242 0 1 10  
a 280 279 0 1 10 5 BR
a 317 318 0 1 10  
a 101 102 0 1 10 6 TL
a 140 139 0 1 10  
a 177 178 0 1 10  
a 216 215 0 1 10  
a 253 254 0 1 10  
a 292 291 0 1 10 6 BR
a 329 330 0 1 10  
a 113 114 0 1 10 7 TL
a 152 151 0 1 10  
a 189 190 0 1 10  
a 228 227 0 1 10  
a 265 266 0 1 10  
a 304 303 0 1 10  
a 341 342 0 1 10  
a 342 304 0 1 10 7 BR
a 63 101 0 1 10  
a 101 139 0 1 10  
a 139 177 0 1 10  
a 177 215 0 1 10  
a 215 253 0 1 10  
a 253 291 0 1 10  
a 291 329 0 1 10  
a 102 64 0 1 10  
a 140 102 0 1 10  
a 178 140 0 1 10  
a 216 178 0 1 10  
a 254 216 0 1 10  
a 292 254 0 1 10  
a 330 292 0 1 10  
a 75 113 0 1 10  
a 113 151 0 1 10  
a 151 189 0 1 10  
a 189 227 0 1 10  
a 227 265 0 1 10  
a 265 303 0 1 10  
a 303 341 0 1 10  
a 379 341 0 1 10  
a 76 38 0 1 10  
a 114 76 0 1 10  
a 152 114 0 1 10  
a 190 152 0 1 10  
a 228 190 0 1 10  
a 266 228 0 1 10  
a 304 266 0 1 10  
a 342 304 0 1 10  
a 380 342 0 1 10  
a 381 382 0 1 10 8 TL
a 420 419 0 1 10  
a 457 458 0 1 10  
a 496 495 0 1 10  
a 533 534 0 1 10  
a 572 571 0 1 10  
a 609 610 0 1 10  
a 648 647 0 1 10  
a 382 344 0 1 10  
a 420 382 0 1 10  
a 458 420 0 1 10  
a 496 458 0 1 10  
a 534 496 0 1 10  
a 572 534 0 1 10 8 BR
a 610 572 0 1 10  
a 381 419 0 1 10  
a 419 457 0 1 10  
a 457 495 0 1 10  
a 495 533 0 1 10  
a 533 571 0 1 10  
a 571 609 0 1 10  
a 609 647 0 1 10  
a 393 394 0 1 10 9 TL
a 432 431 0 1 10  
a 469 470 0 1 10  
a 508 507 0 1 10  
a 545 546 0 1 10  
a 584 583 0 1 10  
a 621 622 0 1 10  
a 660 659 0 1 10  
a 394 356 0 1 10  
a 432 394 0 1 10  
a 470 432 0 1 10  
a 508 470 0 1 10  
a 546 508 0 1 10  
a 584 546 0 1 10 9 BR
a 622 584 0 1 10  
a 393 431 0 1 10  
a 431 469 0 1 10  
a 469 507 0 1 10  
a 507 545 0 1 10  
a 545 583 0 1 10  
a 583 621 0 1 10  
a 621 659 0 1 10  
a 405 406 0 1 10 10 TL
a 444 443 0 1 10  
a 481 482 0 1 10  
a 520 519 0 1 10  
a 557 558 0 1 10  
a 596 595 0 1 10  
a 633 634 0 1 10  
a 672 671 0 1 10  
a 406 368 0 1 10  
a 444 406 0 1 10  
a 482 444 0 1 10  
a 520 482 0 1 10  
a 558 520 0 1 10  
a 596 558 0 1 10 10 BR
a 634 596 0 1 10  
a 405 443 0 1 10  
a 443 481 0 1 10  
a 481 519 0 1 10  
a 519 557 0 1 10  
a 557 595 0 1 10  
a 595 633 0 1 10  
a 671 633 0 1 10  
a 417 418 0 1 10 11 TL
a 456 455 0 1 10  
a 493 494 0 1 10  
a 532 531 0 1 10  
a 569 570 0 1 10  
a 608 607 0 1 10  
a 645 646 0 1 10  
a 684 683 0 1 10  
a 418 380 0 1 10  
a 456 418 0 1 10  
a 494 456 0 1 10  
a 532 494 0 1 10  
a 570 532 0 1 10  
a 608 570 0 1 10 11 BR
a 646 608 0 1 10  
a 417 455 0 1 10  
a 455 493 0 1 10  
a 493 531 0 1 10  
a 531 569 0 1 10  
a 569 607 0 1 10  
a 607 645 0 1 10  
a 683 645 0 1 10  
a 685 686 0 1 10 12 TL
a 724 723 0 1 10  
a 761 762 0 1 10  
a 800 799 0 1 10  
a 837 838 0 1 10  
a 876 875 0 1 10  
a 913 914 0 1 10  
a 686 648 0 1 10  
a 724 686 0 1 10  
a 762 724 0 1 10  
a 800 762 0 1 10  
a 838 800 0 1 10  
a 876 838 0 1 10 12 BR
a 914 876 0 1 10  
a 685 723 0 1 10  
a 723 761 0 1 10  
a 761 799 0 1 10  
a 799 837 0 1 10  
a 837 875 0 1 10  
a 875 913 0 1 10  
a 913 951 0 1 10  
a 697 698 0 1 10 13 TL
a 736 735 0 1 10  
a 773 774 0 1 10  
a 812 811 0 1 10  
a 849 850 0 1 10  
a 888 887 0 1 10  
a 925 926 0 1 10  
a 964 963 0 1 10  
a 698 660 0 1 10  
a 736 698 0 1 10  
a 774 736 0 1 10  
a 812 774 0 1 10  
a 850 812 0 1 10  
a 888 850 0 1 10 13 BR
a 926 888 0 1 10  
a 697 735 0 1 10  
a 735 773 0 1 10  
a 773 811 0 1 10  
a 811 849 0 1 10  
a 849 887 0 1 10  
a 887 925 0 1 10  
a 709 710 0 1 10 14 TL
a 748 747 0 1 10  
a 785 786 0 1 10  
a 824 823 0 1 10  
a 861 862 0 1 10  
a 900 899 0 1 10  
a 937 938 0 1 10  
a 976 975 0 1 10  
a 710 672 0 1 10  
a 748 710 0 1 10  
a 786 748 0 1 10  
a 824 786 0 1 10  
a 862 824 0 1 10  
a 900 862 0 1 10 14 BR
a 938 900 0 1 10  
a 709 747 0 1 10  
a 747 785 0 1 10  
a 785 823 0 1 10  
a 823 861 0 1 10  
a 861 899 0 1 10  
a 899 937 0 1 10  
a 721 722 0 1 10 15 TL
a 760 759 0 1 10  
a 797 798 0 1 10  
a 836 835 0 1 10  
a 873 874 0 1 10  
a 912 911 0 1 10  
a 949 950 0 1 10  
a 988 987 0 1 10  
a 722 684 0 1 10  
a 760 722 0 1 10  
a 798 760 0 1 10  
a 836 798 0 1 10  
a 874 836 0 1 10  
a 912 874 0 1 10 15 BR
a 950 912 0 1 10  
a 721 759 0 1 10  
a 759 797 0 1 10  
a 797 835 0 1 10  
a 835 873 0 1 10  
a 873 911 0 1 10  
a 911 949 0 1 10  
a 305 306 0 1 10  
a 307 306 0 1 10 16 TL
a 308 307 0 1 10  
a 309 308 0 1 10  
a 310 309 0 1 10  
a 311 310 0 1 10  
a 312 311 0 1 10  
a 313 312 0 1 10  
a 314 313 0 1 10  
a 315 314 0 1 10  
a 316 315 0 1 10  
a 317 316 0 1 10  
a 317 318 0 1 10  
a 319 318 0 1 10 17 TL
a 320 319 0 1 10  
a 321 320 0 1 10  
a 322 321 0 1 10  
a 323 322 0 1 10  
a 324 323 0 1 10  
a 325 324 0 1 10  
a 326 325 0 1 10  
a 327 326 0 1 10  
a 328 327 0 1 10  
a 329 328 0 1 10  
a 329 330 0 1 10  
a 331 330 0 1 10 18 TL
a 332 331 0 1 10  
a 333 332 0 1 10  
a 334 333 0 1 10  
a 335 334 0 1 10  
a 336 335 0 1 10  
a 337 336 0 1 10  
a 338 337 0 1 10  
a 339 338 0 1 10  
a 340 339 0 1 10  
a 341 340 0 1 10  
a 342 341 0 1 10  
a 344 343 0 1 10  
a 344 345 0 1 10  
a 345 346 0 1 10  
a 346 347 0 1 10  
a 347 348 0 1 10  
a 348 349 0 1 10  
a 349 350 0 1 10  
a 350 351 0 1 10  
a 351 352 0 1 10  
a 352 353 0 1 10  
a 353 354 0 1 10  
a 354 355 0 1 10 16 BR
a 356 355 0 1 10  
a 356 357 0 1 10  
a 357 358 0 1 10  
a 358 359 0 1 10  
a 359 360 0 1 10  
a 360 361 0 1 10  
a 361 362 0 1 10  
a 362 363 0 1 10  
a 363 364 0 1 10  
a 364 365 0 1 10  
a 365 366 0 1 10  
a 366 367 0 1 10 17 BR
a 368 367 0 1 10  
a 368 369 0 1 10  
a 369 370 0 1 10  
a 370 371 0 1 10  
a 371 372 0 1 10  
a 372 373 0 1 10  
a 373 374 0 1 10  
a 374 375 0 1 10  
a 375 376 0 1 10  
a 376 377 0 1 10  
a 377 378 0 1 10  
a 378 379 0 1 10 18 BR
a 379 380 0 1 10  
a 609 610 0 1 10  
a 611 610 0 1 10 19 TL
a 612 611 0 1 10  
a 613 612 0 1 10  
a 614 613 0 1 10  
a 615 614 0 1 10  
a 616 615 0 1 10  
a 617 616 0 1 10  
a 618 617 0 1 10  
a 619 618 0 1 10  
a 620 619 0 1 10  
a 621 620 0 1 10  
a 621 622 0 1 10  
a 623 622 0 1 10 20 TL
a 624 623 0 1 10  
a 625 624 0 1 10  
a 626 625 0 1 10  
a 627 626 0 1 10  
a 628 627 0 1 10  
a 629 628 0 1 10  
a 630 629 0 1 10  
a 631 630 0 1 10  
a 632 631 0 1 10  
a 633 632 0 1 10  
a 633 634 0 1 10  
a 635 634 0 1 10 21 TL
a 636 635 0 1 10  
a 637 636 0 1 10  
a 638 637 0 1 10  
a 639 638 0 1 10  
a 640 639 0 1 10  
a 641 640 0 1 10  
a 642 641 0 1 10  
a 643 642 0 1 10  
a 644 643 0 1 10  
a 645 644 0 1 10  
a 646 645 0 1 10  
a 648 649 0 1 10  
a 649 650 0 1 10  
a 650 651 0 1 10  
a 651 652 0 1 10  
a 652 653 0 1 10  
a 653 654 0 1 10  
a 654 655 0 1 10  
a 655 656 0 1 10  
a 656 657 0 1 10  
a 657 658 0 1 10  
a 658 659 0 1 10 19 BR
a 660 659 0 1 10  
a 660 661 0 1 10  
a 661 662 0 1 10  
a 662 663 0 1 10  
a 663 664 0 1 10  
a 664 665 0 1 10  
a 665 666 0 1 10  
a 666 667 0 1 10  
a 667 668 0 1 10  
a 668 669 0 1 10  
a 669 670 0 1 10  
a 670 671 0 1 10 20 BR
a 672 671 0 1 10  
a 672 673 0 1 10  
a 673 674 0 1 10  
a 674 675 0 1 10  
a 675 676 0 1 10  
a 676 677 0 1 10  
a 677 678 0 1 10  
a 678 679 0 1 10  
a 679 680 0 1 10  
a 680 681 0 1 10  
a 681 682 0 1 10  
a 682 683 0 1 10 21 BR
a 683 684 0 1 10  
a 915 914 0 1 10 22 TL
a 916 915 0 1 10  
a 917 916 0 1 10  
a 918 917 0 1 10  
a 919 918 0 1 10  
a 920 919 0 1 10  
a 921 920 0 1 10  
a 922 921 0 1 10  
a 923 922 0 1 10  
a 924 923 0 1 10  
a 925 924 0 1 10  
a 925 926 0 1 10  
a 927 926 0 1 10 23 TL
a 928 927 0 1 10  
a 929 928 0 1 10  
a 930 929 0 1 10  
a 931 930 0 1 10  
a 932 931 0 1 10  
a 933 932 0 1 10  
a 934 933 0 1 10  
a 935 934 0 1 10  
a 936 935 0 1 10  
a 937 936 0 1 10  
a 937 938 0 1 10  
a 939 938 0 1 10 24 TL
a 940 939 0 1 10  
a 941 940 0 1 10  
a 942 941 0 1 10  
a 943 942 0 1 10  
a 944 943 0 1 10  
a 945 944 0 1 10  
a 946 945 0 1 10  
a 947 946 0 1 10  
a 948 947 0 1 10  
a 949 948 0 1 10  
a 950 949 0 1 10  
a 952 953 0 1 10  
a 953 954 0 1 10  
a 954 955 0 1 10  
a 955 956 0 1 10  
a 956 957 0 1 10  
a 957 958 0 1 10  
a 958 959 0 1 10  
a 959 960 0 1 10  
a 960 961 0 1 10  
a 961 962 0 1 10  
a 962 963 0 1 10 22 BR
a 964 963 0 1 10  
a 964 965 0 1 10  
a 965 966 0 1 10  
a 966 967 0 1 10  
a 967 968 0 1 10  
a 968 969 0 1 10  
a 969 970 0 1 10  
a 970 971 0 1 10  
a 971 972 0 1 10  
a 972 973 0 1 10  
a 973 974 0 1 10  
a 974 975 0 1 10 23 BR
a 976 975 0 1 10  
a 976 977 0 1 10  
a 977 978 0 1 10  
a 978 979 0 1 10  
a 979 980 0 1 10  
a 980 981 0 1 10  
a 981 982 0 1 10  
a 982 983 0 1 10  
a 983 984 0 1 10  
a 984 985 0 1 10  
a 985 986 0 1 10  
a 986 987 0 1 10 24 BR
a 987 988 0 1 10  
a 78 40 0 1 10  
a 39 77 0 1 10  
a 355 393 0 1 10  
a 367 405 0 1 10  
a 379 417 0 1 10  
a 647 685 0 1 10  
a 659 697 0 1 10  
a 671 709 0 1 10  
a 683 721 0 1 10  
a 355 317 0 1 10  
a 357 319 0 1 10  
a 380 379 0 1 10  
a 367 329 0 1 10  
a 330 368 0 1 10  
a 659 621 0 1 10  
a 634 672 0 1 10  
a 953 915 0 1 10  
a 914 952 0 1 10  
a 913 951 0 1 10  
a 953 915 0 1 10  
a 916 954 0 1 10  
a 955 917 0 1 10  
a 918 956 0 1 10  
a 957 919 0 1 10  
a 920 958 0 1 10  
a 959 921 0 1 10  
a 922 960 0 1 10  
a 961 923 0 1 10  
a 924 962 0 1 10  
a 963 925 0 1 10  
a 926 964 0 1 10  
a 965 927 0 1 10  
a 928 966 0 1 10  
a 967 929 0 1 10  
a 930 968 0 1 10  
a 969 931 0 1 10  
a 932 970 0 1 10  
a 971 933 0 1 10  
a 934 972 0 1 10  
a 973 935 0 1 10  
a 936 974 0 1 10  
a 975 937 0 1 10  
a 938 976 0 1 10  
a 977 939 0 1 10  
a 940 978 0 1 10  
a 979 941 0 1 10  
a 942 980 0 1 10  
a 981 943 0 1 10  
a 944 982 0 1 10  
a 983 945 0 1 10  
a 946 984 0 1 10  
a 985 947 0 1 10  
a 948 986 0 1 10  
a 987 949 0 1 10  
a 988 950 0 1 10  
a 951 952 0 1 10
a 963 964 0 1 10  
a 975 976 0 1 10  
a 684 646 0 1 10  
a 345 307 0 1 10  
a 308 346 0 1 10  
a 347 309 0 1 10  
a 310 348 0 1 10  
a 349 311 0 1 10  
a 312 350 0 1 10  
a 351 313 0 1 10  
a 314 352 0 1 10  
a 353 315 0 1 10  
a 316 354 0 1 10  
a 355 317 0 1 10  
a 318 356 0 1 10  
a 357 319 0 1 10  
a 320 358 0 1 10  
a 359 321 0 1 10  
a 322 360 0 1 10  
a 361 323 0 1 10  
a 324 362 0 1 10  
a 363 325 0 1 10  
a 326 364 0 1 10  
a 365 327 0 1 10  
a 328 366 0 1 10  
a 367 329 0 1 10  
a 330 368 0 1 10  
a 369 331 0 1 10  
a 332 370 0 1 10  
a 371 333 0 1 10  
a 334 372 0 1 10  
a 373 335 0 1 10  
a 336 374 0 1 10  
a 375 337 0 1 10  
a 338 376 0 1 10  
a 377 339 0 1 10  
a 340 378 0 1 10  
a 379 341 0 1 10  
a 610 648 0 1 10  
a 649 611 0 1 10  
a 612 650 0 1 10  
a 651 613 0 1 10  
a 614 652 0 1 10  
a 653 615 0 1 10  
a 616 654 0 1 10  
a 655 617 0 1 10  
a 618 656 0 1 10  
a 657 619 0 1 10  
a 620 658 0 1 10  
a 659 621 0 1 10  
a 622 660 0 1 10  
a 661 623 0 1 10  
a 624 662 0 1 10  
a 663 625 0 1 10  
a 626 664 0 1 10  
a 665 627 0 1 10  
a 628 666 0 1 10  
a 667 629 0 1 10  
a 630 668 0 1 10  
a 669 631 0 1 10  
a 632 670 0 1 10  
a 671 633 0 1 10  
a 634 672 0 1 10  
a 673 635 0 1 10  
a 636 674 0 1 10  
a 675 637 0 1 10  
a 638 676 0 1 10  
a 677 639 0 1 10  
a 640 678 0 1 10  
a 679 641 0 1 10  
a 642 680 0 1 10  
a 681 643 0 1 10  
a 644 682 0 1 10  
a 683 645 0 1 10  